[gd_scene load_steps=3 format=2]

[ext_resource path="res://Handheld Lantern.glb" type="PackedScene" id=1]

[sub_resource type="BoxShape" id=1]
extents = Vector3( 0.119779, 0.151297, 0.111758 )

[node name="Handheld Lantern" instance=ExtResource( 1 )]

[node name="StaticBody" type="StaticBody" parent="." index="1"]

[node name="CollisionShape" type="CollisionShape" parent="StaticBody" index="0"]
shape = SubResource( 1 )

[node name="OmniLight" type="OmniLight" parent="." index="2"]
transform = Transform( -0.0529261, 0.00232727, -0.998596, 0.000779053, 0.999997, 0.00228924, 0.998598, -0.000656798, -0.0529277, -0.196644, -0.0125186, -0.0092704 )
light_color = Color( 0.670588, 0.658824, 0.419608, 1 )
light_energy = 4.951
omni_range = 0.247

[node name="OmniLight2" type="OmniLight" parent="." index="3"]
transform = Transform( -0.0529261, 0.00232727, -0.998596, 0.000779053, 0.999997, 0.00228924, 0.998598, -0.000656798, -0.0529277, 0.198683, -0.0134249, 0.0116828 )
light_color = Color( 0.670588, 0.658824, 0.419608, 1 )
light_energy = 4.951
omni_range = 0.247

[node name="OmniLight3" type="OmniLight" parent="." index="4"]
transform = Transform( -0.99879, 0.00232727, 0.0491264, 0.00229219, 0.999997, -0.000770336, -0.049128, -0.000656797, -0.998792, 0.0107434, -0.0131243, -0.196496 )
light_color = Color( 0.670588, 0.658824, 0.419608, 1 )
light_energy = 4.951
omni_range = 0.247

[node name="OmniLight4" type="OmniLight" parent="." index="5"]
transform = Transform( -0.99879, 0.00232727, 0.0491264, 0.00229219, 0.999997, -0.000770336, -0.049128, -0.000656797, -0.998792, -0.0087049, -0.0128193, 0.198909 )
light_color = Color( 0.670588, 0.658824, 0.419608, 1 )
light_energy = 4.951
omni_range = 0.247
